{
  "token_acc":1.0,
  "token_p":1.0,
  "token_r":1.0,
  "token_f":1.0,
  "ents_p":0.97905381,
  "ents_r":0.9883339409,
  "ents_f":0.9836719884,
  "ents_per_type":{
    "SEVERITY OR QUANTITY":{
      "p":0.9749103943,
      "r":0.9908925319,
      "f":0.982836495
    },
    "TYPE OF IMPACT":{
      "p":0.9811827957,
      "r":0.9945504087,
      "f":0.9878213802
    },
    "LOCATION MODIFIER":{
      "p":0.9922077922,
      "r":0.9845360825,
      "f":0.9883570505
    },
    "PLACE NAME":{
      "p":0.9780487805,
      "r":0.9889025894,
      "f":0.9834457388
    },
    "ITEM AFFECTED":{
      "p":0.965648855,
      "r":0.969348659,
      "f":0.9674952199
    }
  },
  "speed":2864.3944634591
}