{
  "token_acc":1.0,
  "token_p":1.0,
  "token_r":1.0,
  "token_f":1.0,
  "ents_p":0.9843065693,
  "ents_r":0.9832300401,
  "ents_f":0.9837680102,
  "ents_per_type":{
    "SEVERITY OR QUANTITY":{
      "p":0.9731182796,
      "r":0.9890710383,
      "f":0.9810298103
    },
    "TYPE OF IMPACT":{
      "p":0.9904240766,
      "r":0.9863760218,
      "f":0.9883959044
    },
    "LOCATION MODIFIER":{
      "p":0.9772727273,
      "r":0.9974226804,
      "f":0.987244898
    },
    "PLACE NAME":{
      "p":0.9912826899,
      "r":0.9815043157,
      "f":0.9863692689
    },
    "ITEM AFFECTED":{
      "p":0.9801587302,
      "r":0.9463601533,
      "f":0.962962963
    }
  },
  "speed":2831.8034884071
}